           9
 input                                                                                                  5.00000000
 dense                                                                                                  3.00000000
 leakyrelu                                                                                             0.300000012
 dense                                                                                                  4.00000000
 leakyrelu                                                                                             0.300000012
 dense                                                                                                  3.00000000
 leakyrelu                                                                                             0.300000012
 dense                                                                                                  2.00000000
 linear                                                                                                 0.00000000
 0.001
  0.500000000       0.00000000       0.00000000
   0.00000000       0.00000000       0.00000000       0.00000000
   0.00000000       0.00000000       0.00000000
   0.00000000       0.00000000
 -0.139247715     -0.175328657     -0.173883453      0.631731212      0.214702532     -0.295291036      -3.54211479E-02 -0.141194060      0.103748359       7.97442719E-02  -3.01003642E-02 -0.279413998      0.108960330     -0.253416300     -0.136106908
  0.458436608      0.122452587      0.762890995     -0.272148371       5.84444217E-02 -0.598661542      0.351491570      0.353896737       8.60035606E-03  0.145921811      -4.48824130E-02 -0.145453393
  0.202179149       1.02454817     -0.237108037      -3.06544323E-02  0.683753788       1.41210966E-02  0.491002828      0.226846218       2.09756065E-02  0.217759788      0.155065000     -0.150096670
 -0.104218870      0.771048248      0.441343039     -0.587061524      0.124622189      0.186901733
